83733B,,https://www.kkinteriors.com/kk-custom/productimages/900x900/83733B.jpg
83736B,,https://www.kkinteriors.com/kk-custom/productimages/900x900/83736B.jpg
83738B,,https://www.kkinteriors.com/kk-custom/productimages/900x900/83738B.jpg
83741B,2017 July Jewelry,https://www.kkinteriors.com/kk-custom/productimages/900x900/83741B.jpg
83828A,,https://www.kkinteriors.com/kk-custom/productimages/900x900/83828A.jpg
83829A,,https://www.kkinteriors.com/kk-custom/productimages/900x900/83829A.jpg
83830A,,https://www.kkinteriors.com/kk-custom/productimages/900x900/83830A.jpg
83831A,,https://www.kkinteriors.com/kk-custom/productimages/900x900/83831A.jpg
83832A,,https://www.kkinteriors.com/kk-custom/productimages/900x900/83832A.jpg
